NAME : RANDOM_n_800_cl_1_d_2_SM8b5eSZIe.19213485.tour
COMMENT : Length = 19213485
COMMENT : Found by LKH [Keld Helsgaun] Sun Oct 27 22:58:47 2024
TYPE : TOUR
DIMENSION : 800
TOUR_SECTION
1
285
520
510
334
338
711
690
718
746
716
382
704
344
142
427
247
42
457
364
472
96
784
792
152
393
670
586
623
773
224
438
24
420
440
643
490
588
558
601
677
789
178
764
759
762
531
693
572
120
627
291
495
639
517
106
478
180
712
628
31
524
281
563
223
466
688
538
121
263
22
255
750
233
307
715
560
559
432
796
547
74
45
21
722
481
352
564
115
260
753
83
151
514
71
113
422
679
609
145
766
489
589
582
158
767
77
249
126
112
258
66
459
188
616
647
29
36
464
11
569
347
484
610
301
19
268
634
82
630
638
590
346
493
212
453
30
306
768
202
174
297
687
325
348
521
125
692
240
214
400
790
673
399
571
53
600
3
554
528
16
246
170
374
371
326
507
274
475
166
413
752
724
477
689
454
648
696
123
570
282
636
264
46
534
392
624
165
612
675
672
269
235
683
195
49
646
592
229
144
314
462
341
204
351
740
706
318
17
436
695
527
433
666
596
699
710
48
755
518
39
190
607
428
529
130
309
421
573
775
85
259
730
781
465
788
669
89
391
384
651
161
737
445
585
782
104
300
733
553
136
703
333
54
363
157
116
523
556
184
336
93
370
395
254
197
499
278
265
237
576
709
156
2
504
368
139
402
626
444
99
741
241
656
708
386
319
619
779
441
207
122
446
470
196
179
128
101
248
359
749
176
533
375
483
546
439
159
60
9
356
217
220
731
404
661
313
791
567
316
595
27
353
443
719
408
756
367
645
418
304
654
102
758
467
473
211
525
772
735
84
713
206
401
110
774
397
25
56
63
795
578
26
637
664
355
557
276
292
743
205
496
169
70
615
513
723
388
747
376
530
390
668
522
494
532
67
663
225
287
181
577
312
119
691
331
108
786
34
286
308
797
463
617
61
506
409
597
267
100
800
381
380
491
631
405
88
250
132
447
728
642
252
450
697
97
765
230
593
135
189
468
57
799
641
43
168
216
509
238
431
598
568
686
632
163
41
599
425
479
461
72
228
131
621
551
594
562
62
73
95
140
660
10
137
566
92
261
777
744
150
373
633
7
653
218
540
337
175
541
294
311
239
187
339
171
452
23
769
118
354
727
117
754
751
379
361
659
283
79
501
662
129
90
340
138
608
358
625
324
505
47
434
780
75
243
725
411
194
105
580
429
761
734
162
394
192
59
199
317
771
221
681
798
183
512
40
604
236
160
329
398
362
620
51
519
511
486
103
87
141
701
449
32
389
147
705
545
242
658
298
458
232
618
335
277
322
69
415
303
794
748
451
143
262
270
44
13
581
770
342
203
280
377
587
726
417
154
674
299
198
245
323
296
583
543
8
124
469
644
256
492
279
526
640
407
738
273
460
721
186
785
387
349
109
605
271
288
65
515
410
222
783
555
739
305
602
284
698
200
707
676
742
111
720
671
649
209
606
614
480
757
760
482
575
58
378
776
345
182
185
366
603
208
33
226
535
18
502
548
536
81
350
315
332
251
365
503
729
257
787
419
500
15
488
778
55
435
702
611
732
266
94
360
310
107
201
745
215
177
173
544
485
293
591
133
552
327
50
396
680
471
290
369
385
700
613
793
213
148
498
12
667
20
414
210
657
320
146
412
68
78
622
539
635
717
227
14
28
383
508
6
321
64
153
684
448
244
5
253
455
430
678
328
114
549
191
289
574
665
423
127
91
537
442
655
76
219
4
406
550
37
694
98
437
403
330
231
275
35
542
474
516
565
487
155
416
167
372
426
86
357
682
763
343
456
650
685
579
561
476
149
736
52
497
714
134
295
424
80
302
164
193
629
652
38
172
272
234
584
-1
EOF
